216632
0.0666379 0.0126853 -0.997697  -85.1915
-0.996393 0.0534923-0.0658707 -0.917107
0.0525324  0.998488 0.0162043   262.566
216636
0.0669141   0.01232 -0.997683  -85.1867
-0.996404 0.0529202-0.0661748 -0.991976
0.0519813  0.998523 0.0158169   262.488
216640
0.0674054 0.0122739  -0.99765  -85.3444
-0.996347 0.0533811-0.0666606  -1.01939
0.0524364  0.998499 0.0158274   262.497
216644
0.0676652 0.0125406 -0.997629  -85.3502
-0.996329 0.0534003-0.0669057  -1.04259
0.0524335  0.998494  0.016108   262.589
216648
0.0676277 0.0128048 -0.997628  -85.3944
-0.996327 0.0535076-0.0668526 -0.991584
0.0525236  0.998485 0.0163764   262.571
216652
0.0683092 0.0121148 -0.997591  -85.3669
-0.996274 0.0535959-0.0675681 -0.970305
0.0526471  0.998489 0.0157308   262.485
216656
0.0683161 0.0112596   -0.9976  -85.5082
-0.996311 0.0528237-0.0676315  -1.08256
0.0519342   0.99854 0.0148269   262.388
216660
0.0669722  0.012185  -0.99768  -85.4762
-0.996372 0.0534491-0.0662315 -0.961634
0.0525169  0.998496 0.0157206   262.495
216664
0.0655782 0.0120549 -0.997775  -85.5325
-0.996479 0.0531463-0.0648509 -0.683937
0.0522452  0.998514 0.0154978   262.433
216668
0.0649919 0.0127804 -0.997804  -85.4712
-0.996523  0.053068-0.0642286 -0.667171
0.0521294  0.998509 0.0161851   262.393
216672
0.064302 0.0130537 -0.997845  -85.4139
-0.996549 0.0534441-0.0635192 -0.423719
0.0524987  0.998486 0.0164453   262.454
216676
0.0635701 0.0141643 -0.997877  -85.3336
-0.996553 0.0543014-0.0627149 -0.220829
0.0532967  0.998424 0.0175676   262.584
216680
0.0628794 0.0129245 -0.997937   -85.543
-0.996677 0.0526832-0.0621176  -0.36708
0.0517706  0.998528 0.0161943   262.431
216684
0.0635734  0.013236 -0.997889  -85.4648
-0.996567 0.0539768 -0.062773 -0.280489
0.0530309  0.998454 0.0166222   262.472
216688
0.0632759 0.0125727 -0.997917  -85.6011
-0.996637 0.0529578-0.0625276 -0.327969
0.0520602  0.998518 0.0158814    262.38
216692
0.0637404 0.0124428 -0.997889  -85.5965
-0.996571 0.0536558-0.0629871 -0.429982
0.0527577  0.998482 0.0158203   262.391
216696
0.0634053 0.0126137 -0.997908  -85.4867
-0.996613 0.0532604-0.0626498  -0.28175
0.0523576  0.998501  0.015948   262.367
216700
0.062575 0.0126302  -0.99796  -85.6482
-0.996675 0.0530741-0.0618226 -0.215631
0.0521839  0.998511 0.0159095   262.328
216704
0.0629529 0.0130867 -0.997931  -85.5543
-0.99662 0.0537124-0.0621657   -0.1847
0.0527866  0.998471  0.016424   262.402
216708
0.0626098 0.0132235  -0.99795  -85.4109
-0.996649 0.0535724-0.0618181 -0.225097
0.0526442  0.998476 0.0165335   262.436
216712
0.0618767 0.0127114 -0.998003  -85.6443
-0.996732 0.0528094-0.0611251 -0.197566
0.0519259  0.998524 0.0159376    262.32
216716
0.0615138 0.0123207  -0.99803  -85.6488
-0.996785 0.0521862-0.0607926  -0.13408
0.0513332  0.998561 0.0154914   262.276
216720
0.0605388 0.0125374 -0.998087  -85.6756
-0.996865 0.0517948 -0.059814 -0.138486
0.0509447  0.998579 0.0156338    262.29
216724
0.0596617 0.0127683 -0.998137  -85.6238
-0.996901 0.0521319-0.0589208-0.00629315
0.0512814  0.998559 0.0158391   262.375
216728
0.0595654 0.0128207 -0.998142  -85.6486
-0.996917 0.0519276-0.0588252-0.0196969
0.0510758  0.998569 0.0158743   262.352
216732
0.0591673 0.0141791 -0.998147  -85.5293
-0.996899 0.0528098 -0.058343  0.235806
0.0518836  0.998504 0.0172599   262.484
216736
0.0578593 0.0129143 -0.998241  -85.5769
-0.997018 0.0518847 -0.057117  0.189576
0.0510548   0.99857 0.0158779     262.4
216740
0.0569969 0.0137516  -0.99828  -85.5202
-0.997056 0.0521573-0.0562085  0.360368
0.0512935  0.998544  0.016684   262.479
216744
0.0575861 0.0128603 -0.998258  -85.5855
-0.997 0.0525518-0.0568364  0.323154
0.0517282  0.998535 0.0158482   262.406
216748
0.0567114 0.0131955 -0.998303  -85.5686
-0.997073 0.0520955-0.0559529  0.387766
0.0512676  0.998555 0.0161114   262.436
216752
0.0564217 0.0136657 -0.998314  -85.5589
-0.997086 0.0522019-0.0556375   0.40849
0.0513525  0.998543 0.0165715    262.48
216756
0.0576493 0.0124659 -0.998259  -85.6732
-0.997018 0.0521102-0.0569268  0.346647
0.0513087  0.998564  0.015433   262.376
216760
0.0565891 0.0132895 -0.998309  -85.5593
-0.997109 0.0515305-0.0558351  0.631817
0.0507003  0.998583 0.0161673   262.426
216764
0.0551845  0.013848  -0.99838  -85.5783
-0.997228 0.0507535-0.0544167  0.820596
0.0499167  0.998615 0.0166106   262.483
216768
0.0558058 0.0139181 -0.998345  -85.5509
-0.997177 0.0510965-0.0550281  0.814178
0.0502449  0.998597 0.0167304     262.4
216772
0.0539205 0.0134895 -0.998454  -85.5899
-0.997282 0.0510049 -0.053168   0.94735
0.0502077  0.998607 0.0162032   262.483
216776
0.0537398 0.0136334 -0.998462  -85.5143
-0.997312 0.0506081-0.0529868   1.10541
0.0498068  0.998626 0.0163166   262.501
216780
0.0529355 0.0132326  -0.99851  -85.6428
-0.997391 0.0498504-0.0522154  0.981778
0.0490841  0.998669  0.015837   262.433
216784
0.053085 0.0140794 -0.998491  -85.4924
-0.997364 0.0502719-0.0523161   1.28964
0.0494583  0.998636 0.0167112    262.52
216788
0.0525713 0.0139946 -0.998519  -85.5359
-0.997384 0.0504038 -0.051805   1.36527
0.049603  0.998631 0.0166079   262.531
216792
0.0519722 0.0149409 -0.998537  -85.3821
-0.997387 0.0510134-0.0511489   1.46705
0.0501735  0.998586 0.0175533   262.661
216796
0.0518068 0.0129178 -0.998574  -85.6157
-0.997477 0.0492593-0.0511127   1.21938
0.0485277  0.998702 0.0154373   262.378
216800
0.0522022 0.0138557  -0.99854  -85.3529
-0.997431 0.0498359-0.0514526   1.41588
0.0490491  0.998661 0.0164218    262.45
216804
0.0517177 0.0139058 -0.998565  -85.4872
-0.997488  0.049183 -0.050977   1.43302
0.0484025  0.998693 0.0164146   262.448
216808
0.0515795 0.0136987 -0.998575  -85.5494
-0.997491 0.0492502-0.0508477   1.41143
0.0484822  0.998693 0.0162048   262.427
216812
0.052002  0.013116 -0.998561  -85.6548
-0.997484 0.0489249-0.0513032   1.33366
0.0481805  0.998716 0.0156273    262.44
216816
0.0502737 0.0144528 -0.998631  -85.4765
-0.997565 0.0491155-0.0495091   1.68872
0.0483316  0.998689  0.016887   262.577
216820
0.0487018 0.0134849 -0.998722   -85.581
-0.997729 0.0472478-0.0480153   1.60726
0.0465389  0.998792 0.0157555   262.404
216824
0.0480611 0.0135904 -0.998752  -85.6864
-0.997735 0.0477662-0.0473621   1.74573
0.0470618  0.998766 0.0158555   262.432
216828
0.048377 0.0140448  -0.99873  -85.5336
-0.997685 0.0485236 -0.047644   1.83266
0.0477918  0.998723 0.0163599   262.484
216832
0.0478142 0.0146054 -0.998749  -85.4721
-0.997723 0.0483195-0.0470583   1.98871
0.0475708  0.998725 0.0168827   262.552
216836
0.0476253 0.0139993 -0.998767  -85.6109
-0.997763 0.0476242-0.0469097    1.9014
0.0469077  0.998767 0.0162364   262.449
216840
0.0471515 0.0136607 -0.998794    -85.69
-0.997817 0.0469316-0.0464633   1.98596
0.0462391  0.998805 0.0158439   262.447
216844
0.047087 0.0137959 -0.998796  -85.6053
-0.997817 0.0470079-0.0463915   1.96915
0.0463101  0.998799 0.0159794   262.453
216848
0.0467937 0.0138917 -0.998808  -85.6186
-0.9978 0.0476655-0.0460835   2.07256
0.0469674  0.998767 0.0160918   262.519
216852
0.0464299 0.0151736 -0.998806  -85.3958
-0.997757 0.0489744-0.0456369   2.25027
0.0482224  0.998685 0.0174136   262.633
216856
0.0450099 0.0151145 -0.998872   -85.617
-0.997854 0.0482866-0.0442332   2.47897
0.0475625  0.998719 0.0172556   262.633
216860
0.0453183 0.0145799 -0.998866  -85.5865
-0.997851   0.04803 -0.044571   2.19185
0.0473245  0.998739 0.0167255   262.577
216864
0.0453662 0.0154104 -0.998852  -85.5608
-0.997832 0.0484229-0.0445726   2.35979
0.0476792  0.998708 0.0175739    262.67
216868
0.0452799 0.0144874 -0.998869  -85.4866
-0.997857 0.0479303-0.0445388   2.33276
0.0472298  0.998746 0.0166268   262.557
216872
0.0436483 0.0142718 -0.998945  -85.5698
-0.997982 0.0467698-0.0429379   2.36598
0.0461065  0.998804 0.0162846   262.505
216876
0.0435499 0.0144938 -0.998946  -85.5204
-0.998021 0.0460283-0.0428416   2.44728
0.0453578  0.998835 0.0164697   262.536
216880
0.0437015  0.014032 -0.998946  -85.5534
-0.998002  0.046278-0.0430101   2.44816
0.0456247   0.99883 0.0160265   262.515
216884
0.0427931 0.0143051 -0.998982  -85.6698
-0.998132 0.0442558 -0.042123   2.48957
0.043607  0.998918 0.0161723   262.437
216888
0.0437095 0.0139068 -0.998947  -85.5697
-0.998084  0.044435 -0.043053    2.5588
0.0437883  0.998915 0.0158225   262.413
216892
0.0425729 0.0142769 -0.998991  -85.5107
-0.998108 0.0449969-0.0418921   2.72322
0.0443524  0.998885 0.0161657   262.519
216896
0.0426565   0.01459 -0.998983  -85.6009
-0.998082 0.0455261 -0.041953    2.6477
0.0448665  0.998857 0.0165041   262.575
216900
0.0416675 0.0150976 -0.999017  -85.6098
-0.998104 0.0459671-0.0409346   2.88212
0.0453029  0.998829 0.0169845   262.627
216904
0.0416463 0.0151569 -0.999017  -85.6326
-0.998111 0.0458436-0.0409129   2.88953
0.0451773  0.998834 0.0170375   262.638
216908
0.0411021 0.0149783 -0.999043   -85.598
-0.998111 0.0463152-0.0403693   2.90129
0.045665  0.998815 0.0168539   262.615
216912
0.039747 0.0158246 -0.999084  -85.7556
-0.998166 0.0463242-0.0389766   3.03508
0.0456639  0.998801  0.017637    262.69
216916
0.0402872 0.0155869 -0.999067  -85.6423
-0.998151 0.0461842-0.0395296   3.04958
0.0455239  0.998811 0.0174189   262.666
216920
0.0399433 0.0159314 -0.999075  -85.7218
-0.998157 0.0463616-0.0391672   3.02213
0.0456936  0.998798 0.0177541   262.698
216924
0.0386152 0.0151319  -0.99914  -85.7497
-0.998291 0.0444819-0.0379086   3.01941
0.0438688  0.998896 0.0168238   262.576
216928
0.0381082 0.0164712 -0.999138  -85.6675
-0.998274 0.0453429-0.0373277    3.2671
0.0446879  0.998836 0.0181708   262.791
216932
0.039104 0.0159668 -0.999108  -85.6983
-0.998271 0.0445374-0.0383594   3.28086
0.0438841   0.99888  0.017681    262.69
216936
0.0375094 0.0165079  -0.99916  -85.7022
-0.998338 0.0443921-0.0367451   3.38192
0.043747  0.998878 0.0181457   262.808
216940
0.0389983 0.0157032 -0.999116  -85.7061
-0.998286 0.0442807-0.0382697   3.28084
0.0436394  0.998896 0.0174033   262.659
216944
0.0386197 0.0161127 -0.999124  -85.6949
-0.998296 0.0444009-0.0378716    3.3244
0.0437508  0.998884 0.0178001   262.707
216948
0.0382143 0.0158038 -0.999145  -85.7241
-0.998342 0.0436789-0.0374926   3.38496
0.0430479  0.998921 0.0174469   262.667
216952
0.0379228 0.0155445  -0.99916  -85.7923
-0.998361 0.0434749 -0.037216   3.34356
0.0428587  0.998934 0.0171679   262.658
216956
0.0371672  0.015359 -0.999191  -85.6997
-0.998384 0.0435764-0.0364673   3.47076
0.04298  0.998932 0.0169539   262.601
216960
0.0367774 0.0155585 -0.999202  -85.7318
-0.998397 0.0436122-0.0360686   3.54153
0.043015  0.998927 0.0171377   262.612
216964
0.0377768 0.0161229 -0.999156  -85.5394
-0.998272 0.0456567-0.0370065   3.73868
0.0450204  0.998827 0.0178199   262.752
216968
0.0365818  0.015355 -0.999213  -85.5447
-0.998363 0.0445547 -0.035866    3.6859
0.0439678  0.998889 0.0169598   262.594
216972
0.0366417 0.0145523 -0.999223  -85.6583
-0.998384 0.0440008  -0.03597   3.66086
0.043442  0.998926 0.0161412   262.535
216976
0.0350187 0.0154568 -0.999267  -85.5417
-0.99843 0.0442716-0.0343045   3.90451
0.0437078    0.9989  0.016983   262.637
216980
0.0351509 0.0161794 -0.999251   -85.427
-0.998394 0.0450089-0.0343919   3.93931
0.0444176  0.998856 0.0177357   262.699
216984
0.0361401 0.0153054  -0.99923  -85.4234
-0.998358 0.0450139 -0.035419   3.95132
0.044436  0.998869 0.0169072   262.637
216988
0.0351021 0.0152389 -0.999268  -85.4824
-0.998399 0.0449217-0.0343864   3.87892
0.0443636  0.998874 0.0167914   262.647
216992
0.0351809 0.0144714 -0.999276  -85.5343
-0.998412 0.0445221-0.0345056   3.86535
0.0439895  0.998904 0.0160149   262.512
216996
0.033952 0.0147064 -0.999315  -85.5511
-0.998468 0.0442194-0.0332724   3.96116
0.0436987  0.998914 0.0161854   262.625
217000
0.0344535 0.0147533 -0.999297   -85.392
-0.998434 0.0446113 -0.033765   4.01346
0.0440807  0.998895 0.0162673   262.615
217004
0.0332115 0.0161849 -0.999317   -85.263
-0.998465  0.044878-0.0324562   4.25419
0.0443209  0.998861 0.0176506   262.702
217008
0.0327735  0.015101 -0.999349  -85.3859
-0.998488 0.0446566-0.0320703   4.18422
0.0441421  0.998888 0.0165419   262.638
217012
0.0322684 0.0152471 -0.999363  -85.2956
-0.998543 0.0437513-0.0315744   4.14987
0.043241  0.998926 0.0166369   262.664
217016
0.0320754 0.0143252 -0.999383  -85.3268
-0.998564 0.0433935 -0.031427   4.12452
0.0429154  0.998955 0.0156967   262.556
217020
0.0331649 0.0148701 -0.999339  -85.2049
-0.998473 0.0446917-0.0324711   4.24855
0.0441782   0.99889 0.0163298   262.614
217024
0.0322487 0.0151898 -0.999364  -85.1681
-0.998522 0.0442534-0.0315488   4.31288
0.0437449  0.998905 0.0165946    262.62
217028
0.0303325 0.0148526  -0.99943  -85.3095
-0.998629 0.0431218-0.0296673   4.41136
0.0426553  0.998959 0.0161404   262.618
217032
0.0308486 0.0146404 -0.999417  -85.3977
-0.998593 0.0435915-0.0301845   4.40124
0.043123  0.998942 0.0159647   262.649
217036
0.0313972  0.014506 -0.999402  -85.3065
-0.998585 0.0434048-0.0307415   4.40426
0.0429317  0.998952 0.0158484   262.587
217040
0.0311813 0.0142117 -0.999413  -85.2801
-0.998565 0.0439914-0.0305292   4.34347
0.0435305  0.998931 0.0155632   262.559
217044
0.0300715 0.0139314 -0.999451  -85.3534
-0.998645  0.042918-0.0294489    4.4195
0.0424829  0.998981 0.0152033   262.599
217048
0.029621 0.0142993 -0.999459  -85.2089
-0.998639 0.0433591-0.0289762   4.55993
0.0429201  0.998957 0.0155644   262.637
217052
0.0300185 0.0156192 -0.999427  -85.2073
-0.998586 0.0443654-0.0292998   4.67076
0.0438812  0.998893  0.016929   262.767
217056
0.0297314 0.0149541 -0.999446  -85.2533
-0.99861 0.0439703-0.0290485   4.74034
0.0435104  0.998921 0.0162409   262.742
217060
0.0280757 0.0147258 -0.999497  -85.1532
-0.998749 0.0418114-0.0274386   4.72662
0.0413852  0.999017 0.0158814   262.639
217064
0.0280492 0.0159959 -0.999479  -85.1594
-0.998724 0.0424597-0.0273484   4.89379
0.041999   0.99897 0.0171665   262.732
217068
0.0285453 0.0161067 -0.999463  -85.0083
-0.998699 0.0427304-0.0278347   5.01223
0.042258  0.998957 0.0173056   262.743
217072
0.0263681 0.0150926 -0.999538   -85.252
-0.998814 0.0413392-0.0257248   4.89832
0.0409308  0.999031 0.0161649   262.729
217076
0.0276012 0.0150948 -0.999505  -85.0964
-0.99875 0.0421003-0.0269445   4.90623
0.0416716  0.998999 0.0162381   262.688
217080
0.0259022 0.0151904 -0.999549  -85.2109
-0.998833 0.0411791-0.0252578   4.99164
0.0407758  0.999036 0.0162394   262.737
217084
0.0263502 0.0153761 -0.999535   -85.118
-0.998809 0.0414828-0.0256928   5.09888
0.0410673  0.999021 0.0164511   262.733
217088
0.0264819 0.0151131 -0.999535  -85.1299
-0.998807 0.0414439-0.0258357    5.2439
0.041033  0.999027 0.0161928   262.704
217092
0.0253945 0.0155341 -0.999557  -85.1843
-0.998782 0.0427089-0.0247111   5.20303
0.042305  0.998967 0.0165999   262.838
217096
0.0241772 0.0160305 -0.999579  -85.1249
-0.998872 0.0412687 -0.023498   5.32112
0.0408735  0.999019 0.0170103    262.85
217100
0.0245444 0.0172838 -0.999549  -84.9175
-0.99878 0.0432905-0.0237769    5.6332
0.042859  0.998913 0.0183254   262.997
217104
0.0251641  0.016515 -0.999547   -85.034
-0.998811 0.0421778-0.0244486   5.52408
0.0417538  0.998974 0.0175568   262.908
217108
0.022559 0.0168764 -0.999603  -85.1135
-0.998884 0.0418915-0.0218354   5.56542
0.0415053   0.99898 0.0178027   262.974
217112
0.0224257  0.016688 -0.999609  -85.0702
-0.998897 0.0416345-0.0217145   5.64064
0.0412548  0.998994 0.0176034   262.928
217116
0.0224667 0.0172558 -0.999599  -85.0011
-0.998841 0.0429511-0.0217081   5.88729
0.0425581  0.998928 0.0182009   263.027
217120
0.0219001 0.0166421 -0.999622  -85.0165
-0.998892 0.0420298-0.0211843   5.86862
0.0416602  0.998978 0.0175442   262.975
217124
0.0218106 0.0171468 -0.999615  -85.0251
-0.998889  0.042148-0.0210717    5.8848
0.0417694  0.998964 0.0180472   262.985
217128
0.0211632 0.0172947 -0.999626  -84.9251
-0.998917 0.0417986-0.0204249   5.94659
0.0414287  0.998976 0.0181607   262.922
217132
0.0217762 0.0167692 -0.999622  -85.0754
-0.998919 0.0414333-0.0210657   6.01741
0.0410634  0.999001 0.0176535   262.896
217136
0.0204493 0.0166705 -0.999652  -84.9719
-0.998963 0.0410354-0.0197507   5.94771
0.0406906  0.999019 0.0174925   262.839
217140
0.0203339 0.0168485 -0.999651  -85.1518
-0.998926 0.0419693-0.0196116   6.06715
0.0416232  0.998977 0.0176841   262.942
217144
0.0208187 0.0167713 -0.999643  -84.9664
-0.998905 0.0422513-0.0200944    6.0638
0.041898  0.998966 0.0176327   262.877
217148
0.0193487 0.0168189 -0.999671  -85.1373
-0.998967  0.041451-0.0186376   6.04496
0.0411227  0.998999 0.0176037   262.888
217152
0.0202649 0.0174398 -0.999643  -85.0396
-0.998892 0.0428379-0.0195022   6.10439
0.0424813   0.99893 0.0182886   262.979
217156
0.0201727 0.0170732 -0.999651  -85.1252
-0.998899 0.0426916-0.0194283   6.10419
0.0423439  0.998942 0.0179157   262.903
217160
0.0192321 0.0174246 -0.999663   -84.981
-0.998899 0.0431373-0.0184654   6.14771
0.0427999  0.998917 0.0182351   262.958
217164
0.0176214 0.0180052 -0.999683  -85.0148
-0.998919 0.0433428-0.0168272   6.39096
0.0430249  0.998898 0.0187497    263.06
217168
0.0173697 0.0171832 -0.999701   -84.926
-0.998896 0.0439406-0.0166004   6.40575
0.043641  0.998886 0.0179276   263.039
217172
0.0157658 0.0177516 -0.999718  -84.8777
-0.998907 0.0442801-0.0149666   6.52527
0.0440008  0.998861 0.0184304    263.14
217176
0.0147319 0.0179434  -0.99973  -84.9144
-0.998947 0.0437012 -0.013936   6.69588
0.0434383  0.998883 0.0185685    263.12
217180
0.0148715 0.0178014 -0.999731  -84.9653
-0.998921 0.0442584-0.0140713   6.76869
0.0439947  0.998862 0.0184406   263.151
217184
0.0146463 0.0168124 -0.999751  -84.9081
-0.998938 0.0439274-0.0138956    6.7339
0.0436817  0.998893  0.017438   263.015
217188
0.0134831 0.0169081 -0.999766   -84.801
-0.998984 0.0432357-0.0127413   6.78528
0.0430091  0.998922  0.017474   262.984
217192
0.0132514 0.0163821 -0.999778  -84.8585
-0.99899 0.0431479-0.0125338   6.76226
0.0429319  0.998934 0.0169375   262.933
217196
0.0129184 0.0174069 -0.999765  -84.7805
-0.998984 0.0434035-0.0121526   6.89183
0.0431808  0.998906 0.0179501   263.051
217200
0.0127042 0.0178571  -0.99976  -84.6387
-0.998954 0.0441617 -0.011905   7.13825
0.0439373  0.998865 0.0183997    263.12
217204
0.0125912 0.0175693 -0.999766  -84.6894
-0.998981 0.0435587-0.0118157   7.06426
0.0433398  0.998896 0.0181001   263.062
217208
0.0112777 0.0174836 -0.999784  -84.7131
-0.999025 0.0428764-0.0105192   7.13163
0.0426821  0.998927 0.0179502   263.058
217212
0.0110568 0.0171999 -0.999791  -84.6996
-0.999023 0.0429679-0.0103089   7.10508
0.0427805  0.998928 0.0176584   263.043
217216
0.0107593 0.0172425 -0.999793  -84.6652
-0.999005 0.0434611-0.0100012   7.19711
0.0432786  0.998906 0.0176932   263.017
217220
0.00955982 0.0170333 -0.999809  -84.6709
-0.999001 0.0438058-0.00880575   7.41174
0.0436464  0.998895 0.0174352   262.986
217224
0.00964552 0.0168943 -0.999811  -84.8008
-0.999034 0.0430369-0.00891065   7.39786
0.0428771  0.998931 0.0172933   262.976
217228
0.00775256 0.0172903  -0.99982  -84.8336
-0.999081 0.0422913-0.00701539   7.49317
0.0421612  0.998956 0.0176024   262.992
217232
0.00766204 0.0181876 -0.999805  -84.7166
-0.999106 0.0417072-0.00689785    7.7368
0.0415726  0.998964 0.0184911   263.086
217236
0.00806717 0.0182869   -0.9998  -84.5807
-0.999141 0.0408007-0.0073155   7.82413
0.0406577     0.999 0.0186004   263.054
217240
0.0079992  0.017788  -0.99981  -84.7171
-0.999142  0.040782-0.00726821   7.67649
0.0406438   0.99901 0.0180991   263.061
217244
0.00781556 0.0175278 -0.999816  -84.7016
-0.999137 0.0409191-0.00709286   7.76034
0.0407861  0.999009 0.0178326   263.033
217248
0.00797165 0.0180183 -0.999806  -84.6087
-0.999118 0.0413604-0.00722064    7.7923
0.0412212  0.998982 0.0183324    263.09
217252
0.00683516 0.0182225 -0.999811  -84.5393
-0.999131 0.0412255-0.00607905    7.9073
0.0411058  0.998984 0.0184886   263.128
217256
0.00583751 0.0175017  -0.99983  -84.5674
-0.999159 0.0406842-0.00512133   8.00187
0.0405865  0.999019 0.0177246   263.056
217260
0.00541498  0.017704 -0.999829  -84.6954
-0.999146 0.0410423-0.00468449      8.05
0.0409511  0.999001 0.0179113   263.114
217264
0.00419292 0.0181336 -0.999827  -84.5473
-0.999151 0.0410607-0.00344527   8.23177
0.0409902  0.998992 0.0182906   263.109
217268
0.00335834 0.0189339 -0.999815  -84.4766
-0.999107 0.0421824-0.00255703    8.3437
0.0421251  0.998931 0.0190588   263.263
217272
0.00311285 0.0187473 -0.999819  -84.3652
-0.999158 0.0409596-0.00234269   8.36875
0.0409071  0.998985 0.0188591   263.129
217276
0.00318268 0.0172278 -0.999847  -84.5642
-0.999173 0.0405963 -0.002481   8.30054
0.0405462  0.999027 0.0173428   263.067
217280
0.00214644 0.0182777 -0.999831  -84.2519
-0.99916 0.0409579-0.00139614   8.56328
0.0409244  0.998994 0.0183504   263.121
217284
0.00128046 0.0181992 -0.999834  -84.3351
-0.999145 0.0413296-0.000527194   8.69778
0.0413118   0.99898 0.0182367   263.111
217288
0.000913164 0.0182916 -0.999832  -84.4137
-0.999156 0.0410885-0.000160717   8.66087
0.0410775  0.998988 0.0183139    263.13
217292
0.000311274 0.0181537 -0.999835  -84.3603
-0.999138 0.04151690.000442809   8.82002
0.0415171  0.998973 0.0181511   263.131
217298
-0.00092455 0.0176657 -0.999844  -84.3567
-0.999195 0.04009330.00163243   8.80884
0.0401147   0.99904 0.0176145   263.012
217302
-0.0024844  0.018933 -0.999818  -84.2351
-0.999177 0.04043790.00324865   9.13021
0.0404908  0.999003 0.0188171   263.184
217306
-0.00246723 0.0203375  -0.99979  -84.0978
-0.999138 0.04137660.00330739   9.38401
0.0414341  0.998937 0.0202181   263.266
217310
-0.00158326 0.0187462 -0.999823  -84.2776
-0.999162 0.04085470.00234834   9.19096
0.0408904  0.998989  0.018666   263.139
217314
-0.00233113 0.0190157 -0.999816  -84.1877
-0.999164 0.04076030.00310482   9.23094
0.0408107  0.998988 0.0189049   263.121
217318
-0.00287829  0.019055 -0.999814  -84.1234
-0.999166 0.0406734 0.0036517   9.23897
0.0407343  0.998991 0.0189221   263.137
217322
-0.00403118 0.0189401 -0.999812   -84.165
-0.999205 0.0395687 0.0047784   9.29602
0.0396506  0.999037 0.0187656   263.068
217326
-0.00442661 0.0200231  -0.99979  -84.0997
-0.999136 0.0412197 0.0052493    9.4307
0.0413151  0.998949 0.0198234   263.229
217330
-0.00563894 0.0192583 -0.999799  -84.2067
-0.999144 0.04085570.00642239   9.43705
0.04097  0.998979 0.0190116    263.13
217334
-0.00710126 0.0195902 -0.999783  -84.1113
-0.999143 0.0406444 0.0078932   9.59416
0.0407891  0.998982 0.0192849   263.084
217338
-0.00877224 0.0198448 -0.999765  -84.2804
-0.999057 0.04233810.00960649   9.83922
0.0425176  0.998906 0.0194548   263.194
217342
-0.00980341 0.0202938 -0.999746  -84.1749
-0.999038 0.0425327 0.0106599   9.98336
0.0427371  0.998889 0.0198574   263.234
217346
-0.00974023 0.0198965 -0.999755  -84.1712
-0.999062 0.0419864 0.0105692   9.92939
0.0421852   0.99892  0.019469   263.125
217350
-0.0110844 0.0197079 -0.999744  -84.2176
-0.999058 0.0417371 0.0118996   9.92052
0.0419598  0.998934 0.0192268   263.159
217354
-0.0115389 0.0206725  -0.99972   -84.184
-0.999061 0.0415286 0.0123902   10.1146
0.0417721  0.998923 0.0201741   263.296
217358
-0.0112275 0.0203722 -0.999729  -84.1509
-0.999062 0.0415768 0.0120674   10.1864
0.0418103  0.998928 0.0198865   263.236
217362
-0.0113841 0.0205071 -0.999725  -84.1753
-0.999063 0.0415217 0.0122284   10.1733
0.0417599  0.998927 0.0200153   263.264
217366
-0.0125757 0.0206846 -0.999707  -84.1656
-0.999071 0.0409619 0.0134153    10.224
0.0412263  0.998947 0.0201504   263.234
217370
-0.0131982 0.0210413 -0.999691  -84.0638
-0.999007 0.0422616 0.0140787   10.4193
0.0425436  0.998885 0.0204628   263.362
217374
-0.0153938 0.0212013 -0.999657  -84.1543
-0.999016 0.0412727 0.0162594   10.4733
0.0416022  0.998923 0.0205452   263.375
217378
-0.0151706 0.0210533 -0.999663   -84.187
-0.999025 0.0411416 0.0160274   10.5404
0.041464  0.998931 0.0204088    263.34
217382
-0.0166349 0.0214988  -0.99963  -84.0719
-0.998967  0.041927 0.0175257    10.674
0.0422872  0.998889 0.0207792   263.404
217386
-0.0154192 0.0212565 -0.999655  -84.1004
-0.998997 0.0417162 0.0162962   10.6553
0.0420471  0.998903 0.0205922   263.386
217390
-0.0154508 0.0218194 -0.999643  -83.9727
-0.998995 0.0417299 0.0163517   10.8094
0.0420707  0.998891 0.0211529   263.426
217394
-0.0162745 0.0206045 -0.999655  -84.1463
-0.999009 0.0410813 0.0171108   10.6989
0.0414187  0.998943 0.0199157   263.271
217398
-0.017649 0.0217803 -0.999607  -84.0857
-0.998972  0.041373 0.0185394   10.9338
0.0417594  0.998906 0.0210278   263.395
217402
-0.018566 0.0208374  -0.99961  -84.1246
-0.999002 0.0402448 0.0193937   10.9295
0.0406321  0.998973 0.0200696   263.369
217406
-0.0163004 0.0212422 -0.999641  -83.8491
-0.998989 0.0415496 0.0171727   10.9129
0.0418984  0.998911 0.0205436   263.321
217410
-0.0179219  0.021885   -0.9996  -83.9535
-0.998943 0.0419238 0.0188281   11.0576
0.0423179  0.998881 0.0211107   263.476
217414
-0.0181043 0.0217506 -0.999599  -83.9018
-0.998948 0.0417435 0.0190008   11.1629
0.042139  0.998892 0.0209721   263.439
217418
-0.0192926 0.0218951 -0.999574  -84.0612
-0.998953 0.0410598 0.0201802   11.1756
0.041483  0.998917 0.0210802   263.427
217422
-0.0195682 0.0226875 -0.999551   -83.823
-0.998913 0.0418563 0.0205058   11.3164
0.0423016  0.998866 0.0218439   263.518
217426
-0.0184258 0.0222837 -0.999582  -84.0624
-0.99896 0.0412905  0.019335   11.1842
0.0417031  0.998899 0.0214998    263.47
217430
-0.019035 0.0224237 -0.999567  -83.9913
-0.998944 0.0413835 0.0199516   11.2993
0.041812  0.998892 0.0216125   263.477
