216632
0.0666379 0.0126853 -0.997697  -85.1915
-0.996393 0.0534923-0.0658707 -0.917107
0.0525324  0.998488 0.0162043   262.566
216634
0.0670717 0.0122173 -0.997673  -85.2108
-0.996398 0.0528177 -0.066339 -0.967228
0.0518833  0.998529 0.0157159   262.485
216636
0.0669141   0.01232 -0.997683  -85.1867
-0.996404 0.0529202-0.0661748 -0.991976
0.0519813  0.998523 0.0158169   262.488
216638
0.0680461 0.0115401 -0.997615   -85.368
-0.996316 0.0530922-0.0673431  -1.08628
0.0521874  0.998523 0.0151104   262.405
216640
0.0674054 0.0122739  -0.99765  -85.3444
-0.996347 0.0533811-0.0666606  -1.01939
0.0524364  0.998499 0.0158274   262.497
216642
0.0666474 0.0123435   -0.9977  -85.3398
-0.996466 0.0520557-0.0659208  -1.04017
0.0511211  0.998568 0.0157695   262.458
216644
0.0676652 0.0125406 -0.997629  -85.3502
-0.996329 0.0534003-0.0669057  -1.04259
0.0524335  0.998494  0.016108   262.589
216646
0.0682298 0.0121562 -0.997596  -85.4013
-0.996274 0.0536941-0.0674851   -1.0039
0.0527436  0.998483 0.0157745   262.483
216648
0.0676277 0.0128048 -0.997628  -85.3944
-0.996327 0.0535076-0.0668526 -0.991584
0.0525236  0.998485 0.0163764   262.571
216650
0.0682124 0.0118376 -0.997601  -85.3635
-0.996325 0.0527264-0.0674993  -1.03635
0.0517998  0.998539 0.0153908    262.46
216652
0.0683092 0.0121148 -0.997591  -85.3669
-0.996274 0.0535959-0.0675681 -0.970305
0.0526471  0.998489 0.0157308   262.485
216654
0.067913 0.0121515 -0.997617  -85.4398
-0.996318 0.0532799-0.0671754  -1.00942
0.0523355  0.998506 0.0157253   262.485
216656
0.0683161 0.0112596   -0.9976  -85.5082
-0.996311 0.0528237-0.0676315  -1.08256
0.0519342   0.99854 0.0148269   262.388
216658
0.0681356 0.0112558 -0.997613  -85.5209
-0.996286   0.05353-0.0674409  -1.15782
0.052642  0.998503 0.0148615   262.417
216660
0.0669722  0.012185  -0.99768  -85.4762
-0.996372 0.0534491-0.0662315 -0.961634
0.0525169  0.998496 0.0157206   262.495
216662
0.0661244 0.0126279 -0.997731  -85.4773
-0.996427 0.0534845 -0.065361 -0.758136
0.0525367  0.998489 0.0161196   262.532
216664
0.0655782 0.0120549 -0.997775  -85.5325
-0.996479 0.0531463-0.0648509 -0.683937
0.0522452  0.998514 0.0154978   262.433
216666
0.0651514 0.0128133 -0.997793  -85.4484
-0.996481 0.0536702-0.0643764 -0.668084
0.0527258  0.998477  0.016265   262.455
216668
0.0649919 0.0127804 -0.997804  -85.4712
-0.996523  0.053068-0.0642286 -0.667171
0.0521294  0.998509 0.0161851   262.393
216670
0.0645501 0.0123996 -0.997837  -85.4705
-0.996556 0.0529563 -0.063809 -0.573229
0.0520495   0.99852 0.0157755    262.43
216672
0.064302 0.0130537 -0.997845  -85.4139
-0.996549 0.0534441-0.0635192 -0.423719
0.0524987  0.998486 0.0164453   262.454
216674
0.0644025 0.0125512 -0.997845  -85.5595
-0.99658 0.0526975-0.0636579   -0.5545
0.0517838  0.998532 0.0159021   262.389
216676
0.0635701 0.0141643 -0.997877  -85.3336
-0.996553 0.0543014-0.0627149 -0.220829
0.0532967  0.998424 0.0175676   262.584
216678
0.0634648 0.0118667 -0.997914  -85.5702
-0.996645 0.0525328-0.0627593 -0.525374
0.0516773  0.998549  0.015161   262.349
216680
0.0628794 0.0129245 -0.997937   -85.543
-0.996677 0.0526832-0.0621176  -0.36708
0.0517706  0.998528 0.0161943   262.431
216682
0.0622098 0.0138423 -0.997967  -85.4415
-0.996674 0.0535975-0.0613857 -0.324762
0.0526377  0.998467 0.0171307   262.548
216684
0.0635734  0.013236 -0.997889  -85.4648
-0.996567 0.0539768 -0.062773 -0.280489
0.0530309  0.998454 0.0166222   262.472
216686
0.064005   0.01298 -0.997865  -85.3831
-0.996572 0.0533559-0.0632278 -0.284191
0.0524201  0.998491 0.0163507    262.39
216688
0.0632759 0.0125727 -0.997917  -85.6011
-0.996637 0.0529578-0.0625276 -0.327969
0.0520602  0.998518 0.0158814    262.38
216690
0.0634821 0.0130503 -0.997898  -85.5313
-0.996602 0.0534064-0.0627011 -0.291877
0.0524748  0.998488 0.0163964   262.451
216692
0.0637404 0.0124428 -0.997889  -85.5965
-0.996571 0.0536558-0.0629871 -0.429982
0.0527577  0.998482 0.0158203   262.391
216694
0.0637941 0.0125157 -0.997885  -85.5488
-0.996544 0.0540966-0.0630298  -0.37177
0.0531922  0.998457 0.0159237   262.402
216696
0.0634053 0.0126137 -0.997908  -85.4867
-0.996613 0.0532604-0.0626498  -0.28175
0.0523576  0.998501  0.015948   262.367
216698
0.062746 0.0121302 -0.997956  -85.6002
-0.996638 0.0535539-0.0620121 -0.414078
0.0526911  0.998491 0.0154499   262.334
216700
0.062575 0.0126302  -0.99796  -85.6482
-0.996675 0.0530741-0.0618226 -0.215631
0.0521839  0.998511 0.0159095   262.328
216702
0.0622774 0.0119673 -0.997987  -85.6913
-0.996717 0.0525808-0.0615676 -0.355147
0.051737  0.998545 0.0152028   262.229
216704
0.0629529 0.0130867 -0.997931  -85.5543
-0.99662 0.0537124-0.0621657   -0.1847
0.0527866  0.998471  0.016424   262.402
216706
0.0626812 0.0127878 -0.997952  -85.4889
-0.996661 0.0532278 -0.061918 -0.231371
0.0523259  0.998501 0.0160817   262.358
216708
0.0626098 0.0132235  -0.99795  -85.4109
-0.996649 0.0535724-0.0618181 -0.225097
0.0526442  0.998476 0.0165335   262.436
216710
0.0629068 0.0127483 -0.997938  -85.6589
-0.996651 0.0531416-0.0621467 -0.326371
0.0522386  0.998506 0.0160487   262.349
216712
0.0618767 0.0127114 -0.998003  -85.6443
-0.996732 0.0528094-0.0611251 -0.197566
0.0519259  0.998524 0.0159376    262.32
216714
0.0624658 0.0121448 -0.997973  -85.6002
-0.996695 0.0527855-0.0617434  -0.34204
0.0519276  0.998532 0.0154021   262.242
216716
0.0615138 0.0123207  -0.99803  -85.6488
-0.996785 0.0521862-0.0607926  -0.13408
0.0513332  0.998561 0.0154914   262.276
216718
0.0614586 0.0125707  -0.99803  -85.6086
-0.996793  0.052119-0.0607259-0.0600962
0.0512519  0.998562 0.0157337   262.251
216720
0.0605388 0.0125374 -0.998087  -85.6756
-0.996865 0.0517948 -0.059814 -0.138486
0.0509447  0.998579 0.0156338    262.29
216722
0.0600879  0.012862  -0.99811  -85.6204
-0.996872 0.0522096-0.0593404-0.0434349
0.0513465  0.998553 0.0159591   262.362
216724
0.0596617 0.0127683 -0.998137  -85.6238
-0.996901 0.0521319-0.0589208-0.00629315
0.0512814  0.998559 0.0158391   262.375
216726
0.0604948 0.0133779 -0.998079  -85.6048
-0.996811 0.0529441-0.0597083 0.0624395
0.0520425  0.998508 0.0165381   262.415
216728
0.0595654 0.0128207 -0.998142  -85.6486
-0.996917 0.0519276-0.0588252-0.0196969
0.0510758  0.998569 0.0158743   262.352
216730
0.0596143 0.0139636 -0.998124  -85.4618
-0.996865 0.0529412-0.0587984  0.241958
0.0520197    0.9985  0.017076   262.447
216732
0.0591673 0.0141791 -0.998147  -85.5293
-0.996899 0.0528098 -0.058343  0.235806
0.0518836  0.998504 0.0172599   262.484
216734
0.0589069 0.0131919 -0.998176  -85.5232
-0.996935 0.0523392-0.0581418  0.142705
0.0514755  0.998542 0.0162348   262.368
216736
0.0578593 0.0129143 -0.998241  -85.5769
-0.997018 0.0518847 -0.057117  0.189576
0.0510548   0.99857 0.0158779     262.4
216738
0.0583136 0.0136832 -0.998205  -85.4593
-0.996923 0.0532618-0.0575085  0.317797
0.0523782  0.998487 0.0167471   262.468
216740
0.0569969 0.0137516  -0.99828  -85.5202
-0.997056 0.0521573-0.0562085  0.360368
0.0512935  0.998544  0.016684   262.479
216742
0.0577761 0.0131428 -0.998243  -85.5802
-0.997008 0.0521919-0.0570174  0.317045
0.0513496  0.998551 0.0161191   262.409
216744
0.0575861 0.0128603 -0.998258  -85.5855
-0.997 0.0525518-0.0568364  0.323154
0.0517282  0.998535 0.0158482   262.406
216746
0.0570591 0.0138198 -0.998275  -85.4045
-0.997006 0.0530466-0.0562521   0.47945
0.0521765  0.998496 0.0168054   262.514
216748
0.0567114 0.0131955 -0.998303  -85.5686
-0.997073 0.0520955-0.0559529  0.387766
0.0512676  0.998555 0.0161114   262.436
216750
0.057576 0.0127353  -0.99826  -85.6097
-0.997032 0.0519289-0.0568426  0.388427
0.0511135   0.99857 0.0156874   262.393
216752
0.0564217 0.0136657 -0.998314  -85.5589
-0.997086 0.0522019-0.0556375   0.40849
0.0513525  0.998543 0.0165715    262.48
216754
0.0564146  0.013423 -0.998317  -85.6297
-0.997053 0.0528311-0.0556327  0.504982
0.0519943  0.998513  0.016364   262.513
216756
0.0576493 0.0124659 -0.998259  -85.6732
-0.997018 0.0521102-0.0569268  0.346647
0.0513087  0.998564  0.015433   262.376
216758
0.0573279 0.0130446  -0.99827  -85.6245
-0.997029  0.052266-0.0565736  0.463685
0.0514365  0.998548 0.0160023   262.428
216760
0.0565891 0.0132895 -0.998309  -85.5593
-0.997109 0.0515305-0.0558351  0.631817
0.0507003  0.998583 0.0161673   262.426
216762
0.0556575  0.014047 -0.998351  -85.5712
-0.997133 0.0521208-0.0548562  0.726717
0.0512632  0.998542 0.0169078   262.523
216764
0.0551845  0.013848  -0.99838  -85.5783
-0.997228 0.0507535-0.0544167  0.820596
0.0499167  0.998615 0.0166106   262.483
216766
0.0555058 0.0135143 -0.998367  -85.5582
-0.997194  0.051063-0.0547493  0.866754
0.0502386  0.998604 0.0163108   262.459
216768
0.0558058 0.0139181 -0.998345  -85.5509
-0.997177 0.0510965-0.0550281  0.814178
0.0502449  0.998597 0.0167304     262.4
216770
0.0556037 0.0134804 -0.998362  -85.6778
-0.99721 0.0506305-0.0548558  0.928601
0.049807  0.998626 0.0162582   262.422
216772
0.0539205 0.0134895 -0.998454  -85.5899
-0.997282 0.0510049 -0.053168   0.94735
0.0502077  0.998607 0.0162032   262.483
216774
0.0546614 0.0136044 -0.998412  -85.5484
-0.997224 0.0513831-0.0538961   1.03043
0.0505672  0.998586 0.0163754   262.514
216776
0.0537398 0.0136334 -0.998462  -85.5143
-0.997312 0.0506081-0.0529868   1.10541
0.0498068  0.998626 0.0163166   262.501
216778
0.0542333 0.0136202 -0.998435  -85.4975
-0.997297 0.0503747-0.0534842   1.12615
0.0495663  0.998638 0.0163156    262.44
216780
0.0529355 0.0132326  -0.99851  -85.6428
-0.997391 0.0498504-0.0522154  0.981778
0.0490841  0.998669  0.015837   262.433
216782
0.0532657 0.0134413  -0.99849  -85.5258
-0.997386 0.0496145-0.0525388   1.15391
0.0488323  0.998678 0.0160491   262.456
216784
0.053085 0.0140794 -0.998491  -85.4924
-0.997364 0.0502719-0.0523161   1.28964
0.0494583  0.998636 0.0167112    262.52
216786
0.052864 0.0137983 -0.998506  -85.4647
-0.997387 0.0500296-0.0521133   1.25789
0.0492346  0.998652 0.0164072   262.459
216788
0.0525713 0.0139946 -0.998519  -85.5359
-0.997384 0.0504038 -0.051805   1.36527
0.049603  0.998631 0.0166079   262.531
216790
0.0526193 0.0137314  -0.99852  -85.6332
-0.997376 0.0505112-0.0518643   1.29433
0.0497231  0.998629 0.0163534   262.491
216792
0.0519722 0.0149409 -0.998537  -85.3821
-0.997387 0.0510134-0.0511489   1.46705
0.0501735  0.998586 0.0175533   262.661
216794
0.0517593 0.0141328  -0.99856  -85.5133
-0.997433 0.0502791-0.0509891   1.48616
0.049485  0.998635 0.0166991   262.548
216796
0.0518068 0.0129178 -0.998574  -85.6157
-0.997477 0.0492593-0.0511127   1.21938
0.0485277  0.998702 0.0154373   262.378
216798
0.0513619 0.0145173 -0.998575  -85.4577
-0.997469 0.0499811-0.0505783   1.51053
0.0491744  0.998645 0.0170478   262.545
216800
0.0522022 0.0138557  -0.99854  -85.3529
-0.997431 0.0498359-0.0514526   1.41588
0.0490491  0.998661 0.0164218    262.45
216802
0.0510653  0.014195 -0.998594  -85.4949
-0.997538 0.0488475-0.0503169   1.55676
0.0480635  0.998705 0.0166546   262.489
216804
0.0517177 0.0139058 -0.998565  -85.4872
-0.997488  0.049183 -0.050977   1.43302
0.0484025  0.998693 0.0164146   262.448
216806
0.052059 0.0140273 -0.998545  -85.4858
-0.997438 0.0498531-0.0513009   1.49049
0.0490599  0.998658 0.0165868   262.503
216808
0.0515795 0.0136987 -0.998575  -85.5494
-0.997491 0.0492502-0.0508477   1.41143
0.0484822  0.998693 0.0162048   262.427
216810
0.0519774 0.0132807  -0.99856  -85.5724
-0.997491 0.0488232-0.0512723   1.36403
0.048071  0.998719 0.0157852   262.418
216812
0.052002  0.013116 -0.998561  -85.6548
-0.997484 0.0489249-0.0513032   1.33366
0.0481805  0.998716 0.0156273    262.44
216814
0.0499216 0.0138649 -0.998657  -85.5524
-0.997599 0.0487448-0.0491919   1.61107
0.0479962  0.998715 0.0162651   262.482
216816
0.0502737 0.0144528 -0.998631  -85.4765
-0.997565 0.0491155-0.0495091   1.68872
0.0483316  0.998689  0.016887   262.577
216818
0.0487671 0.0139626 -0.998713  -85.6134
-0.997707 0.0476707-0.0480514   1.65875
0.0469373  0.998766 0.0162555   262.484
216820
0.0487018 0.0134849 -0.998722   -85.581
-0.997729 0.0472478-0.0480153   1.60726
0.0465389  0.998792 0.0157555   262.404
216822
0.0491747  0.013621 -0.998697  -85.5713
-0.997695 0.0474881-0.0484776   1.72221
0.0467649  0.998779 0.0159249   262.405
216824
0.0480611 0.0135904 -0.998752  -85.6864
-0.997735 0.0477662-0.0473621   1.74573
0.0470618  0.998766 0.0158555   262.432
216826
0.0486787  0.013817 -0.998719  -85.5003
-0.997699 0.0479185 -0.047966   1.75929
0.0471932  0.998756  0.016118   262.468
216828
0.048377 0.0140448  -0.99873  -85.5336
-0.997685 0.0485236 -0.047644   1.83266
0.0477918  0.998723 0.0163599   262.484
216830
0.0484449 0.0130508 -0.998741  -85.6773
-0.997743 0.0471731  -0.04778   1.81633
0.046489  0.998801 0.0153068   262.403
216832
0.0478142 0.0146054 -0.998749  -85.4721
-0.997723 0.0483195-0.0470583   1.98871
0.0475708  0.998725 0.0168827   262.552
216834
0.0480844 0.0140892 -0.998744  -85.4979
-0.997739 0.0476784-0.0473632   1.85311
0.0469501  0.998763 0.0163501   262.469
216836
0.0476253 0.0139993 -0.998767  -85.6109
-0.997763 0.0476242-0.0469097    1.9014
0.0469077  0.998767 0.0162364   262.449
216838
0.0472609 0.0140406 -0.998784  -85.5867
-0.9978  0.047214-0.0465506   1.94963
0.0465019  0.998786 0.0162412   262.468
216840
0.0471515 0.0136607 -0.998794    -85.69
-0.997817 0.0469316-0.0464633   1.98596
0.0462391  0.998805 0.0158439   262.447
216842
0.0475796 0.0139806  -0.99877  -85.6072
-0.99778 0.0473149  -0.04687   2.07279
0.0466003  0.998782  0.016201   262.478
216844
0.047087 0.0137959 -0.998796  -85.6053
-0.997817 0.0470079-0.0463915   1.96915
0.0463101  0.998799 0.0159794   262.453
216846
0.0467058 0.0142177 -0.998808  -85.6291
-0.997812  0.047505-0.0459828    2.0365
0.0467936   0.99877 0.0164055   262.559
216848
0.0467937 0.0138917 -0.998808  -85.6186
-0.9978 0.0476655-0.0460835   2.07256
0.0469674  0.998767 0.0160918   262.519
216850
0.046326 0.0145271 -0.998821  -85.3787
-0.99782 0.0477197-0.0455855   2.15805
0.047  0.998755 0.0167063   262.551
216852
0.0464299 0.0151736 -0.998806  -85.3958
-0.997757 0.0489744-0.0456369   2.25027
0.0482224  0.998685 0.0174136   262.633
216854
0.0455893 0.0149537 -0.998848  -85.4603
-0.997825 0.0483485-0.0448187   2.21728
0.0476215  0.998719 0.0171253   262.578
216856
0.0450099 0.0151145 -0.998872   -85.617
-0.997854 0.0482866-0.0442332   2.47897
0.0475625  0.998719 0.0172556   262.633
216858
0.0450604 0.0152567 -0.998868  -85.5247
-0.99785 0.0483297-0.0442762    2.3456
0.0475984  0.998715 0.0174018   262.621
216860
0.0453183 0.0145799 -0.998866  -85.5865
-0.997851   0.04803 -0.044571   2.19185
0.0473245  0.998739 0.0167255   262.577
216862
0.0450449 0.0153674 -0.998867   -85.538
-0.997832  0.048726-0.0442485   2.36167
0.0479896  0.998694 0.0175291   262.683
216864
0.0453662 0.0154104 -0.998852  -85.5608
-0.997832 0.0484229-0.0445726   2.35979
0.0476792  0.998708 0.0175739    262.67
216866
0.0445863 0.0146978 -0.998897  -85.5159
-0.997918  0.047303-0.0438464   2.34072
0.0466053  0.998772 0.0167765   262.556
216868
0.0452799 0.0144874 -0.998869  -85.4866
-0.997857 0.0479303-0.0445388   2.33276
0.0472298  0.998746 0.0166268   262.557
216870
0.0455197 0.0143956  -0.99886  -85.5522
-0.997862 0.0476058 -0.044788   2.30926
0.0469056  0.998762 0.0165319   262.547
216872
0.0436483 0.0142718 -0.998945  -85.5698
-0.997982 0.0467698-0.0429379   2.36598
0.0461065  0.998804 0.0162846   262.505
216874
0.0444753 0.0135648 -0.998918  -85.6293
-0.997964 0.0463658-0.0438032   2.30921
0.0457203  0.998832 0.0155994   262.393
216876
0.0435499 0.0144938 -0.998946  -85.5204
-0.998021 0.0460283-0.0428416   2.44728
0.0453578  0.998835 0.0164697   262.536
216878
0.0436901 0.0143799 -0.998942   -85.623
-0.99801 0.0461359-0.0429851   2.46858
0.0454678  0.998832 0.0163672   262.521
216880
0.0437015  0.014032 -0.998946  -85.5534
-0.998002  0.046278-0.0430101   2.44816
0.0456247   0.99883 0.0160265   262.515
216882
0.043091 0.0141233 -0.998971  -85.5916
-0.998084 0.0450439-0.0424158   2.52863
0.0443973  0.998885 0.0160373   262.491
216884
0.0427931 0.0143051 -0.998982  -85.6698
-0.998132 0.0442558 -0.042123   2.48957
0.043607  0.998918 0.0161723   262.437
216886
0.0436645 0.0139594 -0.998949  -85.5511
-0.998067 0.0448686-0.0429989   2.57572
0.04422  0.998895 0.0158917    262.46
216888
0.0437095 0.0139068 -0.998947  -85.5697
-0.998084  0.044435 -0.043053    2.5588
0.0437883  0.998915 0.0158225   262.413
216890
0.0437831 0.0139566 -0.998944  -85.5543
-0.998071 0.0446595-0.0431208   2.61793
0.0440094  0.998905 0.0158851   262.451
216892
0.0425729 0.0142769 -0.998991  -85.5107
-0.998108 0.0449969-0.0418921   2.72322
0.0443524  0.998885 0.0161657   262.519
216894
0.0423968 0.0147904 -0.998991  -85.4785
-0.998122 0.0448846-0.0416952   2.72363
0.0442215  0.998883 0.0166658   262.567
216896
0.0426565   0.01459 -0.998983  -85.6009
-0.998082 0.0455261 -0.041953    2.6477
0.0448665  0.998857 0.0165041   262.575
216898
0.0416671 0.0151101 -0.999017  -85.4687
-0.998127 0.0454676-0.0409422   2.84435
0.0448033  0.998852 0.0169764     262.6
216900
0.0416675 0.0150976 -0.999017  -85.6098
-0.998104 0.0459671-0.0409346   2.88212
0.0453029  0.998829 0.0169845   262.627
216902
0.0416234 0.0157457 -0.999009  -85.4486
-0.9981 0.0461255-0.0408584   2.90455
0.0454353  0.998812 0.0176358   262.675
216904
0.0416463 0.0151569 -0.999017  -85.6326
-0.998111 0.0458436-0.0409129   2.88953
0.0451773  0.998834 0.0170375   262.638
216906
0.0409152 0.0150194  -0.99905  -85.6515
-0.998148  0.045664-0.0401917   2.84843
0.0450159  0.998844 0.0168601   262.635
216908
0.0411021 0.0149783 -0.999043   -85.598
-0.998111 0.0463152-0.0403693   2.90129
0.045665  0.998815 0.0168539   262.615
216910
0.0392606 0.0149791 -0.999117  -85.7823
-0.99822  0.045522-0.0385428   2.95932
0.0449033  0.998851 0.0167398   262.638
216912
0.039747 0.0158246 -0.999084  -85.7556
-0.998166 0.0463242-0.0389766   3.03508
0.0456639  0.998801  0.017637    262.69
216914
0.039917  0.015474 -0.999083   -85.678
-0.998197 0.0454802-0.0391771   2.95315
0.0448311  0.998845 0.0172617   262.663
216916
0.0402872 0.0155869 -0.999067  -85.6423
-0.998151 0.0461842-0.0395296   3.04958
0.0455239  0.998811 0.0174189   262.666
216918
0.0393585 0.0150469 -0.999112  -85.7698
-0.998228  0.045246-0.0386421   2.97529
0.0446233  0.998863 0.0168013   262.598
216920
0.0399433 0.0159314 -0.999075  -85.7218
-0.998157 0.0463616-0.0391672   3.02213
0.0456936  0.998798 0.0177541   262.698
216922
0.0388996 0.0153644 -0.999125   -85.727
-0.99826 0.0449398-0.0381748    2.9881
0.0443129  0.998872 0.0170859   262.581
216924
0.0386152 0.0151319  -0.99914  -85.7497
-0.998291 0.0444819-0.0379086   3.01941
0.0438688  0.998896 0.0168238   262.576
216926
0.0382505 0.0162241 -0.999136  -85.6587
-0.998314 0.0443133-0.0374993    3.2272
0.0436656  0.998886  0.017892   262.681
216928
0.0381082 0.0164712 -0.999138  -85.6675
-0.998274 0.0453429-0.0373277    3.2671
0.0446879  0.998836 0.0181708   262.791
216930
0.0383948 0.0150537 -0.999149  -85.8708
-0.998315 0.0441242-0.0376978   3.12463
0.0435181  0.998913 0.0167226   262.626
216932
0.039104 0.0159668 -0.999108  -85.6983
-0.998271 0.0445374-0.0383594   3.28086
0.0438841   0.99888  0.017681    262.69
216934
0.0385845 0.0160292 -0.999127  -85.6569
-0.998295 0.0444463-0.0378392   3.25734
0.0437999  0.998883 0.0177169   262.699
216936
0.0375094 0.0165079  -0.99916  -85.7022
-0.998338 0.0443921-0.0367451   3.38192
0.043747  0.998878 0.0181457   262.808
216938
0.0388906 0.0159014 -0.999117   -85.659
-0.998304 0.0439746-0.0381591    3.3266
0.0433279  0.998906 0.0175847   262.674
216940
0.0389983 0.0157032 -0.999116  -85.7061
-0.998286 0.0442807-0.0382697   3.28084
0.0436394  0.998896 0.0174033   262.659
216942
0.0381875  0.016729 -0.999131  -85.5778
-0.998305 0.0445836-0.0374094   3.45033
0.0439179  0.998866 0.0184034   262.796
216944
0.0386197 0.0161127 -0.999124  -85.6949
-0.998296 0.0444009-0.0378716    3.3244
0.0437508  0.998884 0.0178001   262.707
216946
0.0387395 0.0158906 -0.999123  -85.7166
-0.998296 0.0442917-0.0380028   3.37848
0.0436479  0.998892 0.0175795   262.698
216948
0.0382143 0.0158038 -0.999145  -85.7241
-0.998342 0.0436789-0.0374926   3.38496
0.0430479  0.998921 0.0174469   262.667
216950
0.0381575  0.015706 -0.999148  -85.8121
-0.998321 0.0441964 -0.037431   3.32716
0.0435698  0.998899 0.0173663   262.693
216952
0.0379228 0.0155445  -0.99916  -85.7923
-0.998361 0.0434749 -0.037216   3.34356
0.0428587  0.998934 0.0171679   262.658
216954
0.0374199 0.0160787  -0.99917  -85.6752
-0.998338 0.0444634-0.0366731   3.50488
0.0438358  0.998882 0.0177159   262.733
216956
0.0371672  0.015359 -0.999191  -85.6997
-0.998384 0.0435764-0.0364673   3.47076
0.04298  0.998932 0.0169539   262.601
216958
0.038076 0.0153483 -0.999157  -85.6768
-0.998326 0.0441485-0.0373661   3.50447
0.0435367  0.998907 0.0170038   262.649
216960
0.0367774 0.0155585 -0.999202  -85.7318
-0.998397 0.0436122-0.0360686   3.54153
0.043015  0.998927 0.0171377   262.612
216962
0.0375267 0.0147933 -0.999186  -85.8084
-0.998348 0.0440853-0.0368425   3.43928
0.0435033  0.998918 0.0164233   262.576
216964
0.0377768 0.0161229 -0.999156  -85.5394
-0.998272 0.0456567-0.0370065   3.73868
0.0450204  0.998827 0.0178199   262.752
216966
0.0374577 0.0153174 -0.999181  -85.6144
-0.998315 0.0449084-0.0367367   3.57957
0.0443078  0.998874 0.0169739   262.606
216968
0.0365818  0.015355 -0.999213  -85.5447
-0.998363 0.0445547 -0.035866    3.6859
0.0439678  0.998889 0.0169598   262.594
216970
0.0367086 0.0149891 -0.999214  -85.5921
-0.998352 0.0446771-0.0360067   3.64615
0.0441012  0.998889 0.0166046   262.538
216972
0.0366417 0.0145523 -0.999223  -85.6583
-0.998384 0.0440008  -0.03597   3.66086
0.043442  0.998926 0.0161412   262.535
216974
0.035513 0.0152153 -0.999253  -85.5902
-0.998429 0.0439064-0.0348151    3.8022
0.0433428   0.99892 0.0167508    262.58
216976
0.0350187 0.0154568 -0.999267  -85.5417
-0.99843 0.0442716-0.0343045   3.90451
0.0437078    0.9989  0.016983   262.637
216978
0.0356318 0.0155883 -0.999243  -85.4659
-0.998398 0.0445308-0.0349069   3.89064
0.0439518  0.998886 0.0171502   262.628
216980
0.0351509 0.0161794 -0.999251   -85.427
-0.998394 0.0450089-0.0343919   3.93931
0.0444176  0.998856 0.0177357   262.699
216982
0.0353108 0.0146283 -0.999269  -85.4633
-0.998429 0.0440527-0.0346361   3.74799
0.0435127  0.998922  0.016161   262.503
216984
0.0361401 0.0153054  -0.99923  -85.4234
-0.998358 0.0450139 -0.035419   3.95132
0.044436  0.998869 0.0169072   262.637
216986
0.035561 0.0151939 -0.999252  -85.5479
-0.998426  0.043935-0.0348634   3.90437
0.0433714  0.998919 0.0167325   262.525
216988
0.0351021 0.0152389 -0.999268  -85.4824
-0.998399 0.0449217-0.0343864   3.87892
0.0443636  0.998874 0.0167914   262.647
216990
0.0353712 0.0140025 -0.999276   -85.535
-0.99841 0.0444188-0.0347181   3.77349
0.0438994  0.998915 0.0155516   262.459
216992
0.0351809 0.0144714 -0.999276  -85.5343
-0.998412 0.0445221-0.0345056   3.86535
0.0439895  0.998904 0.0160149   262.512
216994
0.0345829 0.0148407 -0.999292  -85.4462
-0.998437 0.0444488-0.0338931   4.01856
0.0439132  0.998901 0.0163548   262.587
216996
0.033952 0.0147064 -0.999315  -85.5511
-0.998468 0.0442194-0.0332724   3.96116
0.0436987  0.998914 0.0161854   262.625
216998
0.0342935 0.0149367   -0.9993  -85.5197
-0.998438 0.0446473-0.0335964   3.97644
0.0441131  0.998891 0.0164447   262.633
217000
0.0344535 0.0147533 -0.999297   -85.392
-0.998434 0.0446113 -0.033765   4.01346
0.0440807  0.998895 0.0162673   262.615
217002
0.0337242 0.0151686 -0.999316  -85.4764
-0.998465  0.044466-0.0330204   4.12455
0.0439336  0.998896  0.016645    262.57
217004
0.0332115 0.0161849 -0.999317   -85.263
-0.998465  0.044878-0.0324562   4.25419
0.0443209  0.998861 0.0176506   262.702
217006
0.033659  0.014797 -0.999324    -85.35
-0.998474 0.0443028-0.0329742   4.14091
0.0437839  0.998909 0.0162657   262.593
217008
0.0327735  0.015101 -0.999349  -85.3859
-0.998488 0.0446566-0.0320703   4.18422
0.0441421  0.998888 0.0165419   262.638
217010
0.0322175 0.0153239 -0.999363  -85.3585
-0.998514 0.0444739-0.0315082   4.20608
0.0439617  0.998893 0.0167341   262.654
217012
0.0322684 0.0152471 -0.999363  -85.2956
-0.998543 0.0437513-0.0315744   4.14987
0.043241  0.998926 0.0166369   262.664
217014
0.0331582 0.0148801 -0.999339  -85.2565
-0.99849 0.0443095-0.0324701   4.18179
0.043796  0.998907  0.016327    262.63
217016
0.0320754 0.0143252 -0.999383  -85.3268
-0.998564 0.0433935 -0.031427   4.12452
0.0429154  0.998955 0.0156967   262.556
217018
0.0320511 0.0142916 -0.999384  -85.3556
-0.998557 0.0435636-0.0314015   4.18005
0.0430869  0.998948 0.0156674    262.55
217020
0.0331649 0.0148701 -0.999339  -85.2049
-0.998473 0.0446917-0.0324711   4.24855
0.0441782   0.99889 0.0163298   262.614
217022
0.0326081 0.0149238 -0.999357  -85.1942
-0.998489  0.044735-0.0319117   4.24513
0.0442288  0.998887   0.01636   262.612
217024
0.0322487 0.0151898 -0.999364  -85.1681
-0.998522 0.0442534-0.0315488   4.31288
0.0437449  0.998905 0.0165946    262.62
217026
0.0309544 0.0146924 -0.999413  -85.2959
-0.998598 0.0434097-0.0302909   4.25964
0.042938  0.998949 0.0160157   262.611
217028
0.0303325 0.0148526  -0.99943  -85.3095
-0.998629 0.0431218-0.0296673   4.41136
0.0426553  0.998959 0.0161404   262.618
217030
0.0303916 0.0161709 -0.999407  -85.0737
-0.998586 0.0441122-0.0296528   4.59411
0.0436054  0.998896 0.0174889   262.756
217032
0.0308486 0.0146404 -0.999417  -85.3977
-0.998593 0.0435915-0.0301845   4.40124
0.043123  0.998942 0.0159647   262.649
217034
0.0305727 0.0153814 -0.999414  -85.2425
-0.998565  0.044465-0.0298623   4.46028
0.0439786  0.998893 0.0167188   262.718
217036
0.0313972  0.014506 -0.999402  -85.3065
-0.998585 0.0434048-0.0307415   4.40426
0.0429317  0.998952 0.0158484   262.587
217038
0.0304234 0.0143474 -0.999434   -85.355
-0.998622 0.0432128-0.0297783   4.37812
0.04276  0.998963 0.0156425   262.598
217040
0.0311813 0.0142117 -0.999413  -85.2801
-0.998565 0.0439914-0.0305292   4.34347
0.0435305  0.998931 0.0155632   262.559
217042
0.0300663 0.0152393 -0.999432  -85.2377
-0.998585 0.0443432-0.0293646   4.57818
0.0438694    0.9989  0.016551   262.717
217044
0.0300715 0.0139314 -0.999451  -85.3534
-0.998645  0.042918-0.0294489    4.4195
0.0424829  0.998981 0.0152033   262.599
217046
0.0301259 0.0144821 -0.999441  -85.2406
-0.998623 0.0433896-0.0294725   4.51244
0.0429375  0.998953 0.0157694   262.642
217048
0.029621 0.0142993 -0.999459  -85.2089
-0.998639 0.0433591-0.0289762   4.55993
0.0429201  0.998957 0.0155644   262.637
217050
0.0292945 0.0142712 -0.999469  -85.3093
-0.998677 0.0426938-0.0286616   4.56226
0.0422609  0.998986 0.0155031   262.584
217052
0.0300185 0.0156192 -0.999427  -85.2073
-0.998586 0.0443654-0.0292998   4.67076
0.0438812  0.998893  0.016929   262.767
217054
0.0283031 0.0155662 -0.999478  -85.3142
-0.998672 0.0435073-0.0276026   4.77797
0.0430538  0.998932  0.016777   262.771
217056
0.0297314 0.0149541 -0.999446  -85.2533
-0.99861 0.0439703-0.0290485   4.74034
0.0435104  0.998921 0.0162409   262.742
217058
0.028855 0.0155644 -0.999462  -85.3065
-0.998661 0.0433889-0.0281561   4.72316
0.0429262  0.998937 0.0167957   262.784
217060
0.0280757 0.0147258 -0.999497  -85.1532
-0.998749 0.0418114-0.0274386   4.72662
0.0413852  0.999017 0.0158814   262.639
217062
0.028244 0.0149485 -0.999489  -85.1526
-0.99872 0.0423856-0.0275882   4.82973
0.0419505  0.998989 0.0161268   262.726
217064
0.0280492 0.0159959 -0.999479  -85.1594
-0.998724 0.0424597-0.0273484   4.89379
0.041999   0.99897 0.0171665   262.732
217066
0.0278842 0.0159213 -0.999484  -84.9909
-0.9987   0.04313-0.0271752   4.92421
0.0426739  0.998943 0.0171034   262.741
217068
0.0285453 0.0161067 -0.999463  -85.0083
-0.998699 0.0427304-0.0278347   5.01223
0.042258  0.998957 0.0173056   262.743
217070
0.0276019 0.0156861 -0.999496  -85.1789
-0.998747 0.0421978-0.0269188   4.91915
0.0417531  0.998986 0.0168313    262.74
217072
0.0263681 0.0150926 -0.999538   -85.252
-0.998814 0.0413392-0.0257248   4.89832
0.0409308  0.999031 0.0161649   262.729
217074
0.0270701 0.0151344 -0.999519  -85.2546
-0.99878 0.0417097-0.0264185    4.9872
0.0412887  0.999015 0.0162453   262.723
217076
0.0276012 0.0150948 -0.999505  -85.0964
-0.99875 0.0421003-0.0269445   4.90623
0.0416716  0.998999 0.0162381   262.688
217078
0.025421 0.0155509 -0.999556  -85.1503
-0.998846 0.0411609-0.0247625   5.08012
0.0407565  0.999032 0.0165795   262.706
217080
0.0259022 0.0151904 -0.999549  -85.2109
-0.998833 0.0411791-0.0252578   4.99164
0.0407758  0.999036 0.0162394   262.737
217082
0.0260645 0.0154956  -0.99954  -85.1712
-0.998808 0.0416874 -0.025399   5.10039
0.0412736  0.999011 0.0165639   262.734
217084
0.0263502 0.0153761 -0.999535   -85.118
-0.998809 0.0414828-0.0256928   5.09888
0.0410673  0.999021 0.0164511   262.733
217086
0.0263025 0.0154134 -0.999535  -85.2222
-0.998788 0.0420254-0.0256347   5.08756
0.0416096  0.998998 0.0165002   262.812
217088
0.0264819 0.0151131 -0.999535  -85.1299
-0.998807 0.0414439-0.0258357    5.2439
0.041033  0.999027 0.0161928   262.704
217090
0.0252003 0.0162033 -0.999551  -85.1433
-0.998779 0.0429032-0.0244853   5.30576
0.042486  0.998948 0.0172649   262.889
217092
0.0253945 0.0155341 -0.999557  -85.1843
-0.998782 0.0427089-0.0247111   5.20303
0.042305  0.998967 0.0165999   262.838
217094
0.0245102 0.0152778 -0.999583   -85.255
-0.998837 0.0419018-0.0238514   5.22465
0.0415187  0.999005 0.0162873   262.797
217096
0.0241772 0.0160305 -0.999579  -85.1249
-0.998872 0.0412687 -0.023498   5.32112
0.0408735  0.999019 0.0170103    262.85
217098
0.0246684 0.0158195 -0.999571  -85.2186
-0.998826  0.042086-0.0239838   5.43177
0.0416874  0.998989 0.0168392   262.832
217100
0.0245444 0.0172838 -0.999549  -84.9175
-0.99878 0.0432905-0.0237769    5.6332
0.042859  0.998913 0.0183254   262.997
217102
0.0237004 0.0168249 -0.999578  -85.0444
-0.998819 0.0428142-0.0229617   5.53999
0.0424087  0.998941 0.0178199   262.938
217104
0.0251641  0.016515 -0.999547   -85.034
-0.998811 0.0421778-0.0244486   5.52408
0.0417538  0.998974 0.0175568   262.908
217106
0.0244945 0.0162262 -0.999568  -85.0777
-0.998815 0.0424557-0.0237868   5.42037
0.0420503  0.998967  0.017247   262.879
217108
0.022559 0.0168764 -0.999603  -85.1135
-0.998884 0.0418915-0.0218354   5.56542
0.0415053   0.99898 0.0178027   262.974
217110
0.0237665  0.016483 -0.999582  -85.0045
-0.998858 0.0418416-0.0230593   5.60415
0.041443  0.998988 0.0174588   262.909
217112
0.0224257  0.016688 -0.999609  -85.0702
-0.998897 0.0416345-0.0217145   5.64064
0.0412548  0.998994 0.0176034   262.928
217114
0.0227499 0.0164643 -0.999606  -84.9539
-0.998858 0.0424027-0.0220344   5.72288
0.042022  0.998965 0.0174103   262.923
217116
0.0224667 0.0172558 -0.999599  -85.0011
-0.998841 0.0429511-0.0217081   5.88729
0.0425581  0.998928 0.0182009   263.027
217118
0.0214981 0.0163188 -0.999636  -85.1524
-0.998949 0.0408383-0.0208166   5.72151
0.0404825  0.999032 0.0171797   262.845
217120
0.0219001 0.0166421 -0.999622  -85.0165
-0.998892 0.0420298-0.0211843   5.86862
0.0416602  0.998978 0.0175442   262.975
217122
0.0210533 0.0172991 -0.999629  -84.8641
-0.998923 0.0417226-0.0203163   5.92563
0.0413545  0.998979 0.0181589   262.999
217124
0.0218106 0.0171468 -0.999615  -85.0251
-0.998889  0.042148-0.0210717    5.8848
0.0417694  0.998964 0.0180472   262.985
217126
0.0214304 0.0171643 -0.999623  -84.9113
-0.998903 0.0420118-0.0206934   5.95149
0.0416397   0.99897 0.0180459   262.955
217128
0.0211632 0.0172947 -0.999626  -84.9251
-0.998917 0.0417986-0.0204249   5.94659
0.0414287  0.998976 0.0181607   262.922
217130
0.0210236 0.0164647 -0.999643  -85.1161
-0.998941 0.0412856-0.0203287   5.94658
0.040935  0.999012 0.0173154   262.857
217132
0.0217762 0.0167692 -0.999622  -85.0754
-0.998919 0.0414333-0.0210657   6.01741
0.0410634  0.999001 0.0176535   262.896
217134
0.0208168 0.0168566 -0.999641  -85.0481
-0.998953 0.0410869-0.0201095   6.02688
0.040732  0.999013 0.0176944   262.894
217136
0.0204493 0.0166705 -0.999652  -84.9719
-0.998963 0.0410354-0.0197507   5.94771
0.0406906  0.999019 0.0174925   262.839
217138
0.020345 0.0169699 -0.999649  -85.0967
-0.998951 0.0413633-0.0196285   5.94576
0.0410146     0.999 0.0177939   262.864
217140
0.0203339 0.0168485 -0.999651  -85.1518
-0.998926 0.0419693-0.0196116   6.06715
0.0416232  0.998977 0.0176841   262.942
217142
0.0198402 0.0169602 -0.999659  -85.1333
-0.99892 0.0423505 -0.019107   5.96907
0.0420108  0.998959 0.0177823    262.95
217144
0.0208187 0.0167713 -0.999643  -84.9664
-0.998905 0.0422513-0.0200944    6.0638
0.041898  0.998966 0.0176327   262.877
217146
0.0197215 0.0178524 -0.999646  -84.9486
-0.998931 0.0421622-0.0189542   6.21529
0.0418078  0.998951  0.018665    262.98
217148
0.0193487 0.0168189 -0.999671  -85.1373
-0.998967  0.041451-0.0186376   6.04496
0.0411227  0.998999 0.0176037   262.888
217150
0.0192401 0.0172938 -0.999665  -85.0431
-0.998953 0.0418429-0.0185024   6.15553
0.0415078  0.998975 0.0180809    262.95
217152
0.0202649 0.0174398 -0.999643  -85.0396
-0.998892 0.0428379-0.0195022   6.10439
0.0424813   0.99893 0.0182886   262.979
217154
0.0201621 0.0171302  -0.99965  -85.0824
-0.998894 0.0428187-0.0194131   6.10231
0.0424701  0.998936 0.0179747   262.935
217156
0.0201727 0.0170732 -0.999651  -85.1252
-0.998899 0.0426916-0.0194283   6.10419
0.0423439  0.998942 0.0179157   262.903
217158
0.0200466 0.0172336 -0.999651  -85.0673
-0.998875 0.0433339-0.0192839   6.07876
0.0429854  0.998912 0.0180831   262.975
217160
0.0192321 0.0174246 -0.999663   -84.981
-0.998899 0.0431373-0.0184654   6.14771
0.0427999  0.998917 0.0182351   262.958
217162
0.0187259 0.0165422 -0.999688   -85.036
-0.99893 0.0425927-0.0180069    6.1237
0.0422803  0.998956 0.0173223   262.866
217164
0.0176214 0.0180052 -0.999683  -85.0148
-0.998919 0.0433428-0.0168272   6.39096
0.0430249  0.998898 0.0187497    263.06
217166
0.0175391 0.0176195 -0.999691  -84.9388
-0.998909 0.0435788-0.0167572   6.35452
0.043269  0.998895 0.0183648   263.024
217168
0.0173697 0.0171832 -0.999701   -84.926
-0.998896 0.0439406-0.0166004   6.40575
0.043641  0.998886 0.0179276   263.039
217170
0.0167167 0.0178872   -0.9997  -84.9472
-0.998907 0.0439585-0.0159168   6.44343
0.0436595  0.998873 0.0186025   263.085
217172
0.0157658 0.0177516 -0.999718  -84.8777
-0.998907 0.0442801-0.0149666   6.52527
0.0440008  0.998861 0.0184304    263.14
217174
0.0163569 0.0172509 -0.999717  -84.9369
-0.998908 0.0440542-0.0155833   6.49117
0.0437717   0.99888 0.0179527   263.054
217176
0.0147319 0.0179434  -0.99973  -84.9144
-0.998947 0.0437012 -0.013936   6.69588
0.0434383  0.998883 0.0185685    263.12
217178
0.0148226  0.018228 -0.999724  -84.7647
-0.998926 0.0441716-0.0140053   6.64164
0.043903  0.998858 0.0188633   263.152
217180
0.0148715 0.0178014 -0.999731  -84.9653
-0.998921 0.0442584-0.0140713   6.76869
0.0439947  0.998862 0.0184406   263.151
217182
0.0144713 0.0169427 -0.999752  -84.9329
-0.998948 0.0437688-0.0137178   6.68488
0.0435244  0.998898 0.0175584   263.039
217184
0.0146463 0.0168124 -0.999751  -84.9081
-0.998938 0.0439274-0.0138956    6.7339
0.0436817  0.998893  0.017438   263.015
217186
0.0140003 0.0171047 -0.999756  -84.8236
-0.998933 0.0442436-0.0132317   6.79285
0.0440054  0.998874  0.017706   262.981
217188
0.0134831 0.0169081 -0.999766   -84.801
-0.998984 0.0432357-0.0127413   6.78528
0.0430091  0.998922  0.017474   262.984
217190
0.0137213 0.0167408 -0.999766  -84.8222
-0.998973 0.0434022-0.0129835   6.85107
0.0431735  0.998917 0.0173192   262.963
217192
0.0132514 0.0163821 -0.999778  -84.8585
-0.99899 0.0431479-0.0125338   6.76226
0.0429319  0.998934 0.0169375   262.933
217194
0.0120277 0.0166131  -0.99979  -84.9386
-0.999042 0.0422815 -0.011316   6.78357
0.0420836  0.998968  0.017106   263.016
217196
0.0129184 0.0174069 -0.999765  -84.7805
-0.998984 0.0434035-0.0121526   6.89183
0.0431808  0.998906 0.0179501   263.051
217198
0.013701 0.0174839 -0.999753  -84.7247
-0.998947 0.0440242  -0.01292   7.00679
0.0437863  0.998877 0.0180687   263.008
217200
0.0127042 0.0178571  -0.99976  -84.6387
-0.998954 0.0441617 -0.011905   7.13825
0.0439373  0.998865 0.0183997    263.12
217202
0.0128776 0.0174272 -0.999765  -84.7833
-0.998937 0.0444828-0.0120915   6.93338
0.0442605  0.998858 0.0179816   263.079
217204
0.0125912 0.0175693 -0.999766  -84.6894
-0.998981 0.0435587-0.0118157   7.06426
0.0433398  0.998896 0.0181001   263.062
217206
0.0110818 0.0180382 -0.999776  -84.6963
-0.998993 0.0436831-0.0102848    7.0912
0.0434866  0.998883 0.0185043   263.209
217208
0.0112777 0.0174836 -0.999784  -84.7131
-0.999025 0.0428764-0.0105192   7.13163
0.0426821  0.998927 0.0179502   263.058
217210
0.0122048 0.0172681 -0.999776  -84.6233
-0.998997 0.0432812-0.0114478   7.21319
0.0430728  0.998914 0.0177792   263.025
217212
0.0110568 0.0171999 -0.999791  -84.6996
-0.999023 0.0429679-0.0103089   7.10508
0.0427805  0.998928 0.0176584   263.043
217214
0.0108628 0.0174503 -0.999789  -84.7055
-0.999024 0.0430089-0.0101038   7.19223
0.0428223  0.998922 0.0179006   263.024
217216
0.0107593 0.0172425 -0.999793  -84.6652
-0.999005 0.0434611-0.0100012   7.19711
0.0432786  0.998906 0.0176932   263.017
217218
0.00974423 0.0183518 -0.999784  -84.4886
-0.998961 0.0446969-0.00891562   7.47897
0.0445226  0.998832 0.0187683    263.18
217220
0.00955982 0.0170333 -0.999809  -84.6709
-0.999001 0.0438058-0.00880575   7.41174
0.0436464  0.998895 0.0174352   262.986
217222
0.00921297 0.0169457 -0.999814  -84.6971
-0.999043 0.0429051-0.0084786   7.36839
0.0427523  0.998935 0.0173249   262.947
217224
0.00964552 0.0168943 -0.999811  -84.8008
-0.999034 0.0430369-0.00891065   7.39786
0.0428771  0.998931 0.0172933   262.976
217226
0.00827806 0.0171161 -0.999819  -84.7513
-0.99907  0.042448-0.00754511   7.47605
0.0423101  0.998952 0.0174518    262.97
217228
0.00775256 0.0172903  -0.99982  -84.8336
-0.999081 0.0422913-0.00701539   7.49317
0.0421612  0.998956 0.0176024   262.992
217230
0.00934465 0.0175623 -0.999802  -84.6896
-0.999071 0.0422387-0.00859579   7.53928
0.0420783  0.998953 0.0179408   263.037
217232
0.00766204 0.0181876 -0.999805  -84.7166
-0.999106 0.0417072-0.00689785    7.7368
0.0415726  0.998964 0.0184911   263.086
217234
0.00876079 0.0181048 -0.999798  -84.6317
-0.999098 0.0417002-0.0079995    7.6582
0.0415458  0.998966  0.018454   263.038
217236
0.00806717 0.0182869   -0.9998  -84.5807
-0.999141 0.0408007-0.0073155   7.82413
0.0406577     0.999 0.0186004   263.054
217238
0.00859963 0.0182974 -0.999796  -84.5724
-0.999099 0.0417247-0.00782986   7.80846
0.0415718  0.998962 0.0186399   263.113
217240
0.0079992  0.017788  -0.99981  -84.7171
-0.999142  0.040782-0.00726821   7.67649
0.0406438   0.99901 0.0180991   263.061
217242
0.00934425 0.0170155 -0.999812  -84.7553
-0.999125 0.0409241-0.00864123   7.66099
0.0407683  0.999017 0.0173832   262.957
217244
0.00781556 0.0175278 -0.999816  -84.7016
-0.999137 0.0409191-0.00709286   7.76034
0.0407861  0.999009 0.0178326   263.033
217246
0.00724211 0.0181223  -0.99981  -84.7009
-0.999144 0.0408475-0.00649677   7.88115
0.0407208  0.999001 0.0184028   263.119
217248
0.00797165 0.0180183 -0.999806  -84.6087
-0.999118 0.0413604-0.00722064    7.7923
0.0412212  0.998982 0.0183324    263.09
217250
0.00621858 0.0185987 -0.999808  -84.4944
-0.999138 0.0411525-0.00544872   7.94526
0.0410422   0.99898 0.0188388   263.163
217252
0.00683516 0.0182225 -0.999811  -84.5393
-0.999131 0.0412255-0.00607905    7.9073
0.0411058  0.998984 0.0184886   263.128
217254
0.00648719  0.018331 -0.999811  -84.6374
-0.999142 0.0410263-0.00573064   8.02379
0.0409123   0.99899 0.0185815   263.126
217256
0.00583751 0.0175017  -0.99983  -84.5674
-0.999159 0.0406842-0.00512133   8.00187
0.0405865  0.999019 0.0177246   263.056
217258
0.0055458 0.0183113 -0.999817  -84.3833
-0.999154  0.040855-0.00479375   8.04522
0.0407587  0.998997 0.0185226   263.072
217260
0.00541498  0.017704 -0.999829  -84.6954
-0.999146 0.0410423-0.00468449      8.05
0.0409511  0.999001 0.0179113   263.114
217262
0.0032545 0.0179551 -0.999833  -84.5478
