216632
0.0666379 0.0126853 -0.997697  -85.1915
-0.996393 0.0534923-0.0658707 -0.917107
0.0525324  0.998488 0.0162043   262.566
216644
0.0676652 0.0125406 -0.997629  -85.3502
-0.996329 0.0534003-0.0669057  -1.04259
0.0524335  0.998494  0.016108   262.589
216656
0.0683161 0.0112596   -0.9976  -85.5082
-0.996311 0.0528237-0.0676315  -1.08256
0.0519342   0.99854 0.0148269   262.388
216668
0.0649919 0.0127804 -0.997804  -85.4712
-0.996523  0.053068-0.0642286 -0.667171
0.0521294  0.998509 0.0161851   262.393
216680
0.0628794 0.0129245 -0.997937   -85.543
-0.996677 0.0526832-0.0621176  -0.36708
0.0517706  0.998528 0.0161943   262.431
216692
0.0637404 0.0124428 -0.997889  -85.5965
-0.996571 0.0536558-0.0629871 -0.429982
0.0527577  0.998482 0.0158203   262.391
216704
0.0629529 0.0130867 -0.997931  -85.5543
-0.99662 0.0537124-0.0621657   -0.1847
0.0527866  0.998471  0.016424   262.402
216716
0.0615138 0.0123207  -0.99803  -85.6488
-0.996785 0.0521862-0.0607926  -0.13408
0.0513332  0.998561 0.0154914   262.276
216728
0.0595654 0.0128207 -0.998142  -85.6486
-0.996917 0.0519276-0.0588252-0.0196969
0.0510758  0.998569 0.0158743   262.352
216740
0.0569969 0.0137516  -0.99828  -85.5202
-0.997056 0.0521573-0.0562085  0.360368
0.0512935  0.998544  0.016684   262.479
216752
0.0564217 0.0136657 -0.998314  -85.5589
-0.997086 0.0522019-0.0556375   0.40849
0.0513525  0.998543 0.0165715    262.48
216764
0.0551845  0.013848  -0.99838  -85.5783
-0.997228 0.0507535-0.0544167  0.820596
0.0499167  0.998615 0.0166106   262.483
216776
0.0537398 0.0136334 -0.998462  -85.5143
-0.997312 0.0506081-0.0529868   1.10541
0.0498068  0.998626 0.0163166   262.501
216788
0.0525713 0.0139946 -0.998519  -85.5359
-0.997384 0.0504038 -0.051805   1.36527
0.049603  0.998631 0.0166079   262.531
216800
0.0522022 0.0138557  -0.99854  -85.3529
-0.997431 0.0498359-0.0514526   1.41588
0.0490491  0.998661 0.0164218    262.45
216812
0.052002  0.013116 -0.998561  -85.6548
-0.997484 0.0489249-0.0513032   1.33366
0.0481805  0.998716 0.0156273    262.44
216824
0.0480611 0.0135904 -0.998752  -85.6864
-0.997735 0.0477662-0.0473621   1.74573
0.0470618  0.998766 0.0158555   262.432
216836
0.0476253 0.0139993 -0.998767  -85.6109
-0.997763 0.0476242-0.0469097    1.9014
0.0469077  0.998767 0.0162364   262.449
216848
0.0467937 0.0138917 -0.998808  -85.6186
-0.9978 0.0476655-0.0460835   2.07256
0.0469674  0.998767 0.0160918   262.519
216860
0.0453183 0.0145799 -0.998866  -85.5865
-0.997851   0.04803 -0.044571   2.19185
0.0473245  0.998739 0.0167255   262.577
216872
0.0436483 0.0142718 -0.998945  -85.5698
-0.997982 0.0467698-0.0429379   2.36598
0.0461065  0.998804 0.0162846   262.505
216884
0.0427931 0.0143051 -0.998982  -85.6698
-0.998132 0.0442558 -0.042123   2.48957
0.043607  0.998918 0.0161723   262.437
216896
0.0426565   0.01459 -0.998983  -85.6009
-0.998082 0.0455261 -0.041953    2.6477
0.0448665  0.998857 0.0165041   262.575
216908
0.0411021 0.0149783 -0.999043   -85.598
-0.998111 0.0463152-0.0403693   2.90129
0.045665  0.998815 0.0168539   262.615
216920
0.0399433 0.0159314 -0.999075  -85.7218
-0.998157 0.0463616-0.0391672   3.02213
0.0456936  0.998798 0.0177541   262.698
216932
0.039104 0.0159668 -0.999108  -85.6983
-0.998271 0.0445374-0.0383594   3.28086
0.0438841   0.99888  0.017681    262.69
216944
0.0386197 0.0161127 -0.999124  -85.6949
-0.998296 0.0444009-0.0378716    3.3244
0.0437508  0.998884 0.0178001   262.707
216956
0.0371672  0.015359 -0.999191  -85.6997
-0.998384 0.0435764-0.0364673   3.47076
0.04298  0.998932 0.0169539   262.601
216968
0.0365818  0.015355 -0.999213  -85.5447
-0.998363 0.0445547 -0.035866    3.6859
0.0439678  0.998889 0.0169598   262.594
216980
0.0351509 0.0161794 -0.999251   -85.427
-0.998394 0.0450089-0.0343919   3.93931
0.0444176  0.998856 0.0177357   262.699
216992
0.0351809 0.0144714 -0.999276  -85.5343
-0.998412 0.0445221-0.0345056   3.86535
0.0439895  0.998904 0.0160149   262.512
217004
0.0332115 0.0161849 -0.999317   -85.263
-0.998465  0.044878-0.0324562   4.25419
0.0443209  0.998861 0.0176506   262.702
217016
0.0320754 0.0143252 -0.999383  -85.3268
-0.998564 0.0433935 -0.031427   4.12452
0.0429154  0.998955 0.0156967   262.556
217028
0.0303325 0.0148526  -0.99943  -85.3095
-0.998629 0.0431218-0.0296673   4.41136
0.0426553  0.998959 0.0161404   262.618
217040
0.0311813 0.0142117 -0.999413  -85.2801
-0.998565 0.0439914-0.0305292   4.34347
0.0435305  0.998931 0.0155632   262.559
217052
0.0300185 0.0156192 -0.999427  -85.2073
-0.998586 0.0443654-0.0292998   4.67076
0.0438812  0.998893  0.016929   262.767
217064
0.0280492 0.0159959 -0.999479  -85.1594
-0.998724 0.0424597-0.0273484   4.89379
0.041999   0.99897 0.0171665   262.732
217076
0.0276012 0.0150948 -0.999505  -85.0964
-0.99875 0.0421003-0.0269445   4.90623
0.0416716  0.998999 0.0162381   262.688
217088
0.0264819 0.0151131 -0.999535  -85.1299
-0.998807 0.0414439-0.0258357    5.2439
0.041033  0.999027 0.0161928   262.704
217100
0.0245444 0.0172838 -0.999549  -84.9175
-0.99878 0.0432905-0.0237769    5.6332
0.042859  0.998913 0.0183254   262.997
217112
0.0224257  0.016688 -0.999609  -85.0702
-0.998897 0.0416345-0.0217145   5.64064
0.0412548  0.998994 0.0176034   262.928
217124
0.0218106 0.0171468 -0.999615  -85.0251
-0.998889  0.042148-0.0210717    5.8848
0.0417694  0.998964 0.0180472   262.985
217136
0.0204493 0.0166705 -0.999652  -84.9719
-0.998963 0.0410354-0.0197507   5.94771
0.0406906  0.999019 0.0174925   262.839
217148
0.0193487 0.0168189 -0.999671  -85.1373
-0.998967  0.041451-0.0186376   6.04496
0.0411227  0.998999 0.0176037   262.888
217160
0.0192321 0.0174246 -0.999663   -84.981
-0.998899 0.0431373-0.0184654   6.14771
0.0427999  0.998917 0.0182351   262.958
217172
0.0157658 0.0177516 -0.999718  -84.8777
-0.998907 0.0442801-0.0149666   6.52527
0.0440008  0.998861 0.0184304    263.14
217184
0.0146463 0.0168124 -0.999751  -84.9081
-0.998938 0.0439274-0.0138956    6.7339
0.0436817  0.998893  0.017438   263.015
217196
0.0129184 0.0174069 -0.999765  -84.7805
-0.998984 0.0434035-0.0121526   6.89183
0.0431808  0.998906 0.0179501   263.051
217208
0.0112777 0.0174836 -0.999784  -84.7131
-0.999025 0.0428764-0.0105192   7.13163
0.0426821  0.998927 0.0179502   263.058
217220
0.00955982 0.0170333 -0.999809  -84.6709
-0.999001 0.0438058-0.00880575   7.41174
0.0436464  0.998895 0.0174352   262.986
217232
0.00766204 0.0181876 -0.999805  -84.7166
-0.999106 0.0417072-0.00689785    7.7368
0.0415726  0.998964 0.0184911   263.086
217244
0.00781556 0.0175278 -0.999816  -84.7016
-0.999137 0.0409191-0.00709286   7.76034
0.0407861  0.999009 0.0178326   263.033
217256
0.00583751 0.0175017  -0.99983  -84.5674
-0.999159 0.0406842-0.00512133   8.00187
0.0405865  0.999019 0.0177246   263.056
217268
0.00335834 0.0189339 -0.999815  -84.4766
-0.999107 0.0421824-0.00255703    8.3437
0.0421251  0.998931 0.0190588   263.263
217280
0.00214644 0.0182777 -0.999831  -84.2519
-0.99916 0.0409579-0.00139614   8.56328
0.0409244  0.998994 0.0183504   263.121
217292
0.000311274 0.0181537 -0.999835  -84.3603
-0.999138 0.04151690.000442809   8.82002
0.0415171  0.998973 0.0181511   263.131
217306
-0.00246723 0.0203375  -0.99979  -84.0978
-0.999138 0.04137660.00330739   9.38401
0.0414341  0.998937 0.0202181   263.266
217318
-0.00287829  0.019055 -0.999814  -84.1234
-0.999166 0.0406734 0.0036517   9.23897
0.0407343  0.998991 0.0189221   263.137
217330
-0.00563894 0.0192583 -0.999799  -84.2067
-0.999144 0.04085570.00642239   9.43705
0.04097  0.998979 0.0190116    263.13
217342
-0.00980341 0.0202938 -0.999746  -84.1749
-0.999038 0.0425327 0.0106599   9.98336
0.0427371  0.998889 0.0198574   263.234
